Linux 5.15.0-92-generic (ial261) 	04/21/24 	_x86_64_	(2 CPU)

avg-cpu:  %user   %nice %system %iowait  %steal   %idle
           3.61    0.09    1.67    4.93    2.76   86.93

Device             tps    kB_read/s    kB_wrtn/s    kB_dscd/s    kB_read    kB_wrtn    kB_dscd
loop0             0.01         0.11         0.00         0.00        346          0          0
loop1             0.00         0.01         0.00         0.00         17          0          0
loop10            0.02         0.33         0.00         0.00       1088          0          0
loop11            0.02         0.34         0.00         0.00       1093          0          0
loop12            0.02         0.32         0.00         0.00       1056          0          0
loop13            0.02         0.34         0.00         0.00       1099          0          0
loop14            0.01         0.11         0.00         0.00        343          0          0
loop15            0.32        13.12         0.00         0.00      42668          0          0
loop16            0.00         0.00         0.00         0.00         14          0          0
loop2             0.08         0.74         0.00         0.00       2420          0          0
loop3             0.02         0.33         0.00         0.00       1070          0          0
loop4             0.02         0.34         0.00         0.00       1101          0          0
loop5             0.02         0.32         0.00         0.00       1055          0          0
loop6             0.02         0.34         0.00         0.00       1097          0          0
loop7             0.02         0.33         0.00         0.00       1069          0          0
loop8             0.02         0.34         0.00         0.00       1101          0          0
loop9             0.02         0.33         0.00         0.00       1077          0          0
vda              18.99      1403.90      3020.95      2408.24    4564965    9823002    7830700
vdb               0.16         1.77         0.00         0.00       5745          4          0


avg-cpu:  %user   %nice %system %iowait  %steal   %idle
          39.90    0.00    6.90    0.00   43.35    9.85

Device             tps    kB_read/s    kB_wrtn/s    kB_dscd/s    kB_read    kB_wrtn    kB_dscd
loop0             0.00         0.00         0.00         0.00          0          0          0
loop1             0.00         0.00         0.00         0.00          0          0          0
loop10            0.00         0.00         0.00         0.00          0          0          0
loop11            0.00         0.00         0.00         0.00          0          0          0
loop12            0.00         0.00         0.00         0.00          0          0          0
loop13            0.00         0.00         0.00         0.00          0          0          0
loop14            0.00         0.00         0.00         0.00          0          0          0
loop15            0.00         0.00         0.00         0.00          0          0          0
loop16            0.00         0.00         0.00         0.00          0          0          0
loop2             0.00         0.00         0.00         0.00          0          0          0
loop3             0.00         0.00         0.00         0.00          0          0          0
loop4             0.00         0.00         0.00         0.00          0          0          0
loop5             0.00         0.00         0.00         0.00          0          0          0
loop6             0.00         0.00         0.00         0.00          0          0          0
loop7             0.00         0.00         0.00         0.00          0          0          0
loop8             0.00         0.00         0.00         0.00          0          0          0
loop9             0.00         0.00         0.00         0.00          0          0          0
vda               0.00         0.00         0.00         0.00          0          0          0
vdb               0.00         0.00         0.00         0.00          0          0          0


avg-cpu:  %user   %nice %system %iowait  %steal   %idle
          41.79    0.00    5.97    0.00   44.78    7.46

Device             tps    kB_read/s    kB_wrtn/s    kB_dscd/s    kB_read    kB_wrtn    kB_dscd
loop0             0.00         0.00         0.00         0.00          0          0          0
loop1             0.00         0.00         0.00         0.00          0          0          0
loop10            0.00         0.00         0.00         0.00          0          0          0
loop11            0.00         0.00         0.00         0.00          0          0          0
loop12            0.00         0.00         0.00         0.00          0          0          0
loop13            0.00         0.00         0.00         0.00          0          0          0
loop14            0.00         0.00         0.00         0.00          0          0          0
loop15            0.00         0.00         0.00         0.00          0          0          0
loop16            0.00         0.00         0.00         0.00          0          0          0
loop2             0.00         0.00         0.00         0.00          0          0          0
loop3             0.00         0.00         0.00         0.00          0          0          0
loop4             0.00         0.00         0.00         0.00          0          0          0
loop5             0.00         0.00         0.00         0.00          0          0          0
loop6             0.00         0.00         0.00         0.00          0          0          0
loop7             0.00         0.00         0.00         0.00          0          0          0
loop8             0.00         0.00         0.00         0.00          0          0          0
loop9             0.00         0.00         0.00         0.00          0          0          0
vda               0.00         0.00         0.00         0.00          0          0          0
vdb               0.00         0.00         0.00         0.00          0          0          0


avg-cpu:  %user   %nice %system %iowait  %steal   %idle
          44.78    0.00    4.48    0.00   48.26    2.49

Device             tps    kB_read/s    kB_wrtn/s    kB_dscd/s    kB_read    kB_wrtn    kB_dscd
loop0             0.00         0.00         0.00         0.00          0          0          0
loop1             0.00         0.00         0.00         0.00          0          0          0
loop10            0.00         0.00         0.00         0.00          0          0          0
loop11            0.00         0.00         0.00         0.00          0          0          0
loop12            0.00         0.00         0.00         0.00          0          0          0
loop13            0.00         0.00         0.00         0.00          0          0          0
loop14            0.00         0.00         0.00         0.00          0          0          0
loop15            0.00         0.00         0.00         0.00          0          0          0
loop16            0.00         0.00         0.00         0.00          0          0          0
loop2             0.00         0.00         0.00         0.00          0          0          0
loop3             0.00         0.00         0.00         0.00          0          0          0
loop4             0.00         0.00         0.00         0.00          0          0          0
loop5             0.00         0.00         0.00         0.00          0          0          0
loop6             0.00         0.00         0.00         0.00          0          0          0
loop7             0.00         0.00         0.00         0.00          0          0          0
loop8             0.00         0.00         0.00         0.00          0          0          0
loop9             0.00         0.00         0.00         0.00          0          0          0
vda               1.00         0.00         4.00         0.00          0          4          0
vdb               0.00         0.00         0.00         0.00          0          0          0


avg-cpu:  %user   %nice %system %iowait  %steal   %idle
          44.50    0.00    5.50    0.00   47.00    3.00

Device             tps    kB_read/s    kB_wrtn/s    kB_dscd/s    kB_read    kB_wrtn    kB_dscd
loop0             0.00         0.00         0.00         0.00          0          0          0
loop1             0.00         0.00         0.00         0.00          0          0          0
loop10            0.00         0.00         0.00         0.00          0          0          0
loop11            0.00         0.00         0.00         0.00          0          0          0
loop12            0.00         0.00         0.00         0.00          0          0          0
loop13            0.00         0.00         0.00         0.00          0          0          0
loop14            0.00         0.00         0.00         0.00          0          0          0
loop15            0.00         0.00         0.00         0.00          0          0          0
loop16            0.00         0.00         0.00         0.00          0          0          0
loop2             0.00         0.00         0.00         0.00          0          0          0
loop3             0.00         0.00         0.00         0.00          0          0          0
loop4             0.00         0.00         0.00         0.00          0          0          0
loop5             0.00         0.00         0.00         0.00          0          0          0
loop6             0.00         0.00         0.00         0.00          0          0          0
loop7             0.00         0.00         0.00         0.00          0          0          0
loop8             0.00         0.00         0.00         0.00          0          0          0
loop9             0.00         0.00         0.00         0.00          0          0          0
vda               0.00         0.00         0.00         0.00          0          0          0
vdb               0.00         0.00         0.00         0.00          0          0          0


avg-cpu:  %user   %nice %system %iowait  %steal   %idle
          44.55    0.00    4.95    0.00   49.50    0.99

Device             tps    kB_read/s    kB_wrtn/s    kB_dscd/s    kB_read    kB_wrtn    kB_dscd
loop0             0.00         0.00         0.00         0.00          0          0          0
loop1             0.00         0.00         0.00         0.00          0          0          0
loop10            0.00         0.00         0.00         0.00          0          0          0
loop11            0.00         0.00         0.00         0.00          0          0          0
loop12            0.00         0.00         0.00         0.00          0          0          0
loop13            0.00         0.00         0.00         0.00          0          0          0
loop14            0.00         0.00         0.00         0.00          0          0          0
loop15            0.00         0.00         0.00         0.00          0          0          0
loop16            0.00         0.00         0.00         0.00          0          0          0
loop2             0.00         0.00         0.00         0.00          0          0          0
loop3             0.00         0.00         0.00         0.00          0          0          0
loop4             0.00         0.00         0.00         0.00          0          0          0
loop5             0.00         0.00         0.00         0.00          0          0          0
loop6             0.00         0.00         0.00         0.00          0          0          0
loop7             0.00         0.00         0.00         0.00          0          0          0
loop8             0.00         0.00         0.00         0.00          0          0          0
loop9             0.00         0.00         0.00         0.00          0          0          0
vda               0.00         0.00         0.00         0.00          0          0          0
vdb               0.00         0.00         0.00         0.00          0          0          0


avg-cpu:  %user   %nice %system %iowait  %steal   %idle
          44.78    0.00    4.48    0.50   49.75    0.50

Device             tps    kB_read/s    kB_wrtn/s    kB_dscd/s    kB_read    kB_wrtn    kB_dscd
loop0             0.00         0.00         0.00         0.00          0          0          0
loop1             0.00         0.00         0.00         0.00          0          0          0
loop10            0.00         0.00         0.00         0.00          0          0          0
loop11            0.00         0.00         0.00         0.00          0          0          0
loop12            0.00         0.00         0.00         0.00          0          0          0
loop13            0.00         0.00         0.00         0.00          0          0          0
loop14            0.00         0.00         0.00         0.00          0          0          0
loop15            0.00         0.00         0.00         0.00          0          0          0
loop16            0.00         0.00         0.00         0.00          0          0          0
loop2             0.00         0.00         0.00         0.00          0          0          0
loop3             0.00         0.00         0.00         0.00          0          0          0
loop4             0.00         0.00         0.00         0.00          0          0          0
loop5             0.00         0.00         0.00         0.00          0          0          0
loop6             0.00         0.00         0.00         0.00          0          0          0
loop7             0.00         0.00         0.00         0.00          0          0          0
loop8             0.00         0.00         0.00         0.00          0          0          0
loop9             0.00         0.00         0.00         0.00          0          0          0
vda               5.00         0.00        48.00        20.00          0         48         20
vdb               0.00         0.00         0.00         0.00          0          0          0


avg-cpu:  %user   %nice %system %iowait  %steal   %idle
          45.27    0.00    3.98    0.00   48.26    2.49

Device             tps    kB_read/s    kB_wrtn/s    kB_dscd/s    kB_read    kB_wrtn    kB_dscd
loop0             0.00         0.00         0.00         0.00          0          0          0
loop1             0.00         0.00         0.00         0.00          0          0          0
loop10            0.00         0.00         0.00         0.00          0          0          0
loop11            0.00         0.00         0.00         0.00          0          0          0
loop12            0.00         0.00         0.00         0.00          0          0          0
loop13            0.00         0.00         0.00         0.00          0          0          0
loop14            0.00         0.00         0.00         0.00          0          0          0
loop15            0.00         0.00         0.00         0.00          0          0          0
loop16            0.00         0.00         0.00         0.00          0          0          0
loop2             0.00         0.00         0.00         0.00          0          0          0
loop3             0.00         0.00         0.00         0.00          0          0          0
loop4             0.00         0.00         0.00         0.00          0          0          0
loop5             0.00         0.00         0.00         0.00          0          0          0
loop6             0.00         0.00         0.00         0.00          0          0          0
loop7             0.00         0.00         0.00         0.00          0          0          0
loop8             0.00         0.00         0.00         0.00          0          0          0
loop9             0.00         0.00         0.00         0.00          0          0          0
vda               0.00         0.00         0.00         0.00          0          0          0
vdb               0.00         0.00         0.00         0.00          0          0          0


avg-cpu:  %user   %nice %system %iowait  %steal   %idle
          43.50    0.00    6.50    0.00   49.00    1.00

Device             tps    kB_read/s    kB_wrtn/s    kB_dscd/s    kB_read    kB_wrtn    kB_dscd
loop0             0.00         0.00         0.00         0.00          0          0          0
loop1             0.00         0.00         0.00         0.00          0          0          0
loop10            0.00         0.00         0.00         0.00          0          0          0
loop11            0.00         0.00         0.00         0.00          0          0          0
loop12            0.00         0.00         0.00         0.00          0          0          0
loop13            0.00         0.00         0.00         0.00          0          0          0
loop14            0.00         0.00         0.00         0.00          0          0          0
loop15            0.00         0.00         0.00         0.00          0          0          0
loop16            0.00         0.00         0.00         0.00          0          0          0
loop2             0.00         0.00         0.00         0.00          0          0          0
loop3             0.00         0.00         0.00         0.00          0          0          0
loop4             0.00         0.00         0.00         0.00          0          0          0
loop5             0.00         0.00         0.00         0.00          0          0          0
loop6             0.00         0.00         0.00         0.00          0          0          0
loop7             0.00         0.00         0.00         0.00          0          0          0
loop8             0.00         0.00         0.00         0.00          0          0          0
loop9             0.00         0.00         0.00         0.00          0          0          0
vda               0.00         0.00         0.00         0.00          0          0          0
vdb               0.00         0.00         0.00         0.00          0          0          0


avg-cpu:  %user   %nice %system %iowait  %steal   %idle
          45.77    0.00    3.98    0.00   49.75    0.50

Device             tps    kB_read/s    kB_wrtn/s    kB_dscd/s    kB_read    kB_wrtn    kB_dscd
loop0             0.00         0.00         0.00         0.00          0          0          0
loop1             0.00         0.00         0.00         0.00          0          0          0
loop10            0.00         0.00         0.00         0.00          0          0          0
loop11            0.00         0.00         0.00         0.00          0          0          0
loop12            0.00         0.00         0.00         0.00          0          0          0
loop13            0.00         0.00         0.00         0.00          0          0          0
loop14            0.00         0.00         0.00         0.00          0          0          0
loop15            0.00         0.00         0.00         0.00          0          0          0
loop16            0.00         0.00         0.00         0.00          0          0          0
loop2             0.00         0.00         0.00         0.00          0          0          0
loop3             0.00         0.00         0.00         0.00          0          0          0
loop4             0.00         0.00         0.00         0.00          0          0          0
loop5             0.00         0.00         0.00         0.00          0          0          0
loop6             0.00         0.00         0.00         0.00          0          0          0
loop7             0.00         0.00         0.00         0.00          0          0          0
loop8             0.00         0.00         0.00         0.00          0          0          0
loop9             0.00         0.00         0.00         0.00          0          0          0
vda               0.00         0.00         0.00         0.00          0          0          0
vdb               0.00         0.00         0.00         0.00          0          0          0


avg-cpu:  %user   %nice %system %iowait  %steal   %idle
          43.63    0.00    5.39    0.00   48.04    2.94

Device             tps    kB_read/s    kB_wrtn/s    kB_dscd/s    kB_read    kB_wrtn    kB_dscd
loop0             0.00         0.00         0.00         0.00          0          0          0
loop1             0.00         0.00         0.00         0.00          0          0          0
loop10            0.00         0.00         0.00         0.00          0          0          0
loop11            0.00         0.00         0.00         0.00          0          0          0
loop12            0.00         0.00         0.00         0.00          0          0          0
loop13            0.00         0.00         0.00         0.00          0          0          0
loop14            0.00         0.00         0.00         0.00          0          0          0
loop15            0.00         0.00         0.00         0.00          0          0          0
loop16            0.00         0.00         0.00         0.00          0          0          0
loop2             0.00         0.00         0.00         0.00          0          0          0
loop3             0.00         0.00         0.00         0.00          0          0          0
loop4             0.00         0.00         0.00         0.00          0          0          0
loop5             0.00         0.00         0.00         0.00          0          0          0
loop6             0.00         0.00         0.00         0.00          0          0          0
loop7             0.00         0.00         0.00         0.00          0          0          0
loop8             0.00         0.00         0.00         0.00          0          0          0
loop9             0.00         0.00         0.00         0.00          0          0          0
vda               0.00         0.00         0.00         0.00          0          0          0
vdb               0.00         0.00         0.00         0.00          0          0          0


avg-cpu:  %user   %nice %system %iowait  %steal   %idle
          45.77    0.00    4.48    0.00   49.25    0.50

Device             tps    kB_read/s    kB_wrtn/s    kB_dscd/s    kB_read    kB_wrtn    kB_dscd
loop0             0.00         0.00         0.00         0.00          0          0          0
loop1             0.00         0.00         0.00         0.00          0          0          0
loop10            0.00         0.00         0.00         0.00          0          0          0
loop11            0.00         0.00         0.00         0.00          0          0          0
loop12            0.00         0.00         0.00         0.00          0          0          0
loop13            0.00         0.00         0.00         0.00          0          0          0
loop14            0.00         0.00         0.00         0.00          0          0          0
loop15            0.00         0.00         0.00         0.00          0          0          0
loop16            0.00         0.00         0.00         0.00          0          0          0
loop2             0.00         0.00         0.00         0.00          0          0          0
loop3             0.00         0.00         0.00         0.00          0          0          0
loop4             0.00         0.00         0.00         0.00          0          0          0
loop5             0.00         0.00         0.00         0.00          0          0          0
loop6             0.00         0.00         0.00         0.00          0          0          0
loop7             0.00         0.00         0.00         0.00          0          0          0
loop8             0.00         0.00         0.00         0.00          0          0          0
loop9             0.00         0.00         0.00         0.00          0          0          0
vda               9.00         0.00        48.00         0.00          0         48          0
vdb               0.00         0.00         0.00         0.00          0          0          0


avg-cpu:  %user   %nice %system %iowait  %steal   %idle
          39.90    0.00    6.06    0.00   44.44    9.60

Device             tps    kB_read/s    kB_wrtn/s    kB_dscd/s    kB_read    kB_wrtn    kB_dscd
loop0             0.00         0.00         0.00         0.00          0          0          0
loop1             0.00         0.00         0.00         0.00          0          0          0
loop10            0.00         0.00         0.00         0.00          0          0          0
loop11            0.00         0.00         0.00         0.00          0          0          0
loop12            0.00         0.00         0.00         0.00          0          0          0
loop13            0.00         0.00         0.00         0.00          0          0          0
loop14            0.00         0.00         0.00         0.00          0          0          0
loop15            0.00         0.00         0.00         0.00          0          0          0
loop16            0.00         0.00         0.00         0.00          0          0          0
loop2             0.00         0.00         0.00         0.00          0          0          0
loop3             0.00         0.00         0.00         0.00          0          0          0
loop4             0.00         0.00         0.00         0.00          0          0          0
loop5             0.00         0.00         0.00         0.00          0          0          0
loop6             0.00         0.00         0.00         0.00          0          0          0
loop7             0.00         0.00         0.00         0.00          0          0          0
loop8             0.00         0.00         0.00         0.00          0          0          0
loop9             0.00         0.00         0.00         0.00          0          0          0
vda               4.00        28.00         0.00         0.00         28          0          0
vdb               0.00         0.00         0.00         0.00          0          0          0


avg-cpu:  %user   %nice %system %iowait  %steal   %idle
          43.63    0.00    5.88    0.00   48.04    2.45

Device             tps    kB_read/s    kB_wrtn/s    kB_dscd/s    kB_read    kB_wrtn    kB_dscd
loop0             0.00         0.00         0.00         0.00          0          0          0
loop1             0.00         0.00         0.00         0.00          0          0          0
loop10            0.00         0.00         0.00         0.00          0          0          0
loop11            0.00         0.00         0.00         0.00          0          0          0
loop12            0.00         0.00         0.00         0.00          0          0          0
loop13            0.00         0.00         0.00         0.00          0          0          0
loop14            0.00         0.00         0.00         0.00          0          0          0
loop15            0.00         0.00         0.00         0.00          0          0          0
loop16            0.00         0.00         0.00         0.00          0          0          0
loop2             0.00         0.00         0.00         0.00          0          0          0
loop3             0.00         0.00         0.00         0.00          0          0          0
loop4             0.00         0.00         0.00         0.00          0          0          0
loop5             0.00         0.00         0.00         0.00          0          0          0
loop6             0.00         0.00         0.00         0.00          0          0          0
loop7             0.00         0.00         0.00         0.00          0          0          0
loop8             0.00         0.00         0.00         0.00          0          0          0
loop9             0.00         0.00         0.00         0.00          0          0          0
vda               0.00         0.00         0.00         0.00          0          0          0
vdb               0.00         0.00         0.00         0.00          0          0          0


avg-cpu:  %user   %nice %system %iowait  %steal   %idle
          44.95    0.00    5.05    0.00   49.49    0.51

Device             tps    kB_read/s    kB_wrtn/s    kB_dscd/s    kB_read    kB_wrtn    kB_dscd
loop0             0.00         0.00         0.00         0.00          0          0          0
loop1             0.00         0.00         0.00         0.00          0          0          0
loop10            0.00         0.00         0.00         0.00          0          0          0
loop11            0.00         0.00         0.00         0.00          0          0          0
loop12            0.00         0.00         0.00         0.00          0          0          0
loop13            0.00         0.00         0.00         0.00          0          0          0
loop14            0.00         0.00         0.00         0.00          0          0          0
loop15            0.00         0.00         0.00         0.00          0          0          0
loop16            0.00         0.00         0.00         0.00          0          0          0
loop2             0.00         0.00         0.00         0.00          0          0          0
loop3             0.00         0.00         0.00         0.00          0          0          0
loop4             0.00         0.00         0.00         0.00          0          0          0
loop5             0.00         0.00         0.00         0.00          0          0          0
loop6             0.00         0.00         0.00         0.00          0          0          0
loop7             0.00         0.00         0.00         0.00          0          0          0
loop8             0.00         0.00         0.00         0.00          0          0          0
loop9             0.00         0.00         0.00         0.00          0          0          0
vda               0.00         0.00         0.00         0.00          0          0          0
vdb               0.00         0.00         0.00         0.00          0          0          0


avg-cpu:  %user   %nice %system %iowait  %steal   %idle
          44.33    0.00    4.93    0.00   48.77    1.97

Device             tps    kB_read/s    kB_wrtn/s    kB_dscd/s    kB_read    kB_wrtn    kB_dscd
loop0             0.00         0.00         0.00         0.00          0          0          0
loop1             0.00         0.00         0.00         0.00          0          0          0
loop10            0.00         0.00         0.00         0.00          0          0          0
loop11            0.00         0.00         0.00         0.00          0          0          0
loop12            0.00         0.00         0.00         0.00          0          0          0
loop13            0.00         0.00         0.00         0.00          0          0          0
loop14            0.00         0.00         0.00         0.00          0          0          0
loop15            0.00         0.00         0.00         0.00          0          0          0
loop16            0.00         0.00         0.00         0.00          0          0          0
loop2             0.00         0.00         0.00         0.00          0          0          0
loop3             0.00         0.00         0.00         0.00          0          0          0
loop4             0.00         0.00         0.00         0.00          0          0          0
loop5             0.00         0.00         0.00         0.00          0          0          0
loop6             0.00         0.00         0.00         0.00          0          0          0
loop7             0.00         0.00         0.00         0.00          0          0          0
loop8             0.00         0.00         0.00         0.00          0          0          0
loop9             0.00         0.00         0.00         0.00          0          0          0
vda               0.00         0.00         0.00         0.00          0          0          0
vdb               0.00         0.00         0.00         0.00          0          0          0


avg-cpu:  %user   %nice %system %iowait  %steal   %idle
          44.50    0.00    6.00    0.00   49.50    0.00

Device             tps    kB_read/s    kB_wrtn/s    kB_dscd/s    kB_read    kB_wrtn    kB_dscd
loop0             0.00         0.00         0.00         0.00          0          0          0
loop1             0.00         0.00         0.00         0.00          0          0          0
loop10            0.00         0.00         0.00         0.00          0          0          0
loop11            0.00         0.00         0.00         0.00          0          0          0
loop12            0.00         0.00         0.00         0.00          0          0          0
loop13            0.00         0.00         0.00         0.00          0          0          0
loop14            0.00         0.00         0.00         0.00          0          0          0
loop15            0.00         0.00         0.00         0.00          0          0          0
loop16            0.00         0.00         0.00         0.00          0          0          0
loop2             0.00         0.00         0.00         0.00          0          0          0
loop3             0.00         0.00         0.00         0.00          0          0          0
loop4             0.00         0.00         0.00         0.00          0          0          0
loop5             0.00         0.00         0.00         0.00          0          0          0
loop6             0.00         0.00         0.00         0.00          0          0          0
loop7             0.00         0.00         0.00         0.00          0          0          0
loop8             0.00         0.00         0.00         0.00          0          0          0
loop9             0.00         0.00         0.00         0.00          0          0          0
vda               2.00         0.00        12.00         0.00          0         12          0
vdb               0.00         0.00         0.00         0.00          0          0          0


avg-cpu:  %user   %nice %system %iowait  %steal   %idle
          46.50    0.00    3.00    1.50   47.50    1.50

Device             tps    kB_read/s    kB_wrtn/s    kB_dscd/s    kB_read    kB_wrtn    kB_dscd
loop0             0.00         0.00         0.00         0.00          0          0          0
loop1             0.00         0.00         0.00         0.00          0          0          0
loop10            0.00         0.00         0.00         0.00          0          0          0
loop11            0.00         0.00         0.00         0.00          0          0          0
loop12            0.00         0.00         0.00         0.00          0          0          0
loop13            0.00         0.00         0.00         0.00          0          0          0
loop14            0.00         0.00         0.00         0.00          0          0          0
loop15            0.00         0.00         0.00         0.00          0          0          0
loop16            0.00         0.00         0.00         0.00          0          0          0
loop2             0.00         0.00         0.00         0.00          0          0          0
loop3             0.00         0.00         0.00         0.00          0          0          0
loop4             0.00         0.00         0.00         0.00          0          0          0
loop5             0.00         0.00         0.00         0.00          0          0          0
loop6             0.00         0.00         0.00         0.00          0          0          0
loop7             0.00         0.00         0.00         0.00          0          0          0
loop8             0.00         0.00         0.00         0.00          0          0          0
loop9             0.00         0.00         0.00         0.00          0          0          0
vda               7.00        28.00         0.00         0.00         28          0          0
vdb               0.00         0.00         0.00         0.00          0          0          0


avg-cpu:  %user   %nice %system %iowait  %steal   %idle
          45.50    0.00    4.50    0.00   50.00    0.00

Device             tps    kB_read/s    kB_wrtn/s    kB_dscd/s    kB_read    kB_wrtn    kB_dscd
loop0             0.00         0.00         0.00         0.00          0          0          0
loop1             0.00         0.00         0.00         0.00          0          0          0
loop10            0.00         0.00         0.00         0.00          0          0          0
loop11            0.00         0.00         0.00         0.00          0          0          0
loop12            0.00         0.00         0.00         0.00          0          0          0
loop13            0.00         0.00         0.00         0.00          0          0          0
loop14            0.00         0.00         0.00         0.00          0          0          0
loop15            0.00         0.00         0.00         0.00          0          0          0
loop16            0.00         0.00         0.00         0.00          0          0          0
loop2             0.00         0.00         0.00         0.00          0          0          0
loop3             0.00         0.00         0.00         0.00          0          0          0
loop4             0.00         0.00         0.00         0.00          0          0          0
loop5             0.00         0.00         0.00         0.00          0          0          0
loop6             0.00         0.00         0.00         0.00          0          0          0
loop7             0.00         0.00         0.00         0.00          0          0          0
loop8             0.00         0.00         0.00         0.00          0          0          0
loop9             0.00         0.00         0.00         0.00          0          0          0
vda               0.00         0.00         0.00         0.00          0          0          0
vdb               0.00         0.00         0.00         0.00          0          0          0


avg-cpu:  %user   %nice %system %iowait  %steal   %idle
          43.56    0.00    5.45    0.00   48.51    2.48

Device             tps    kB_read/s    kB_wrtn/s    kB_dscd/s    kB_read    kB_wrtn    kB_dscd
loop0             0.00         0.00         0.00         0.00          0          0          0
loop1             0.00         0.00         0.00         0.00          0          0          0
loop10            0.00         0.00         0.00         0.00          0          0          0
loop11            0.00         0.00         0.00         0.00          0          0          0
loop12            0.00         0.00         0.00         0.00          0          0          0
loop13            0.00         0.00         0.00         0.00          0          0          0
loop14            0.00         0.00         0.00         0.00          0          0          0
loop15            0.00         0.00         0.00         0.00          0          0          0
loop16            0.00         0.00         0.00         0.00          0          0          0
loop2             0.00         0.00         0.00         0.00          0          0          0
loop3             0.00         0.00         0.00         0.00          0          0          0
loop4             0.00         0.00         0.00         0.00          0          0          0
loop5             0.00         0.00         0.00         0.00          0          0          0
loop6             0.00         0.00         0.00         0.00          0          0          0
loop7             0.00         0.00         0.00         0.00          0          0          0
loop8             0.00         0.00         0.00         0.00          0          0          0
loop9             0.00         0.00         0.00         0.00          0          0          0
vda               0.00         0.00         0.00         0.00          0          0          0
vdb               0.00         0.00         0.00         0.00          0          0          0


avg-cpu:  %user   %nice %system %iowait  %steal   %idle
          43.50    0.00    7.00    0.00   49.00    0.50

Device             tps    kB_read/s    kB_wrtn/s    kB_dscd/s    kB_read    kB_wrtn    kB_dscd
loop0             0.00         0.00         0.00         0.00          0          0          0
loop1             0.00         0.00         0.00         0.00          0          0          0
loop10            0.00         0.00         0.00         0.00          0          0          0
loop11            0.00         0.00         0.00         0.00          0          0          0
loop12            0.00         0.00         0.00         0.00          0          0          0
loop13            0.00         0.00         0.00         0.00          0          0          0
loop14            0.00         0.00         0.00         0.00          0          0          0
loop15            0.00         0.00         0.00         0.00          0          0          0
loop16            0.00         0.00         0.00         0.00          0          0          0
loop2             0.00         0.00         0.00         0.00          0          0          0
loop3             0.00         0.00         0.00         0.00          0          0          0
loop4             0.00         0.00         0.00         0.00          0          0          0
loop5             0.00         0.00         0.00         0.00          0          0          0
loop6             0.00         0.00         0.00         0.00          0          0          0
loop7             0.00         0.00         0.00         0.00          0          0          0
loop8             0.00         0.00         0.00         0.00          0          0          0
loop9             0.00         0.00         0.00         0.00          0          0          0
vda              32.00       780.00        68.00         0.00        780         68          0
vdb               0.00         0.00         0.00         0.00          0          0          0


avg-cpu:  %user   %nice %system %iowait  %steal   %idle
          38.42    0.00    8.37    9.85   41.87    1.48

Device             tps    kB_read/s    kB_wrtn/s    kB_dscd/s    kB_read    kB_wrtn    kB_dscd
loop0             0.00         0.00         0.00         0.00          0          0          0
loop1             0.00         0.00         0.00         0.00          0          0          0
loop10            0.00         0.00         0.00         0.00          0          0          0
loop11            0.00         0.00         0.00         0.00          0          0          0
loop12            0.00         0.00         0.00         0.00          0          0          0
loop13            0.00         0.00         0.00         0.00          0          0          0
loop14            0.00         0.00         0.00         0.00          0          0          0
loop15            0.00         0.00         0.00         0.00          0          0          0
loop16            0.00         0.00         0.00         0.00          0          0          0
loop2             0.00         0.00         0.00         0.00          0          0          0
loop3             0.00         0.00         0.00         0.00          0          0          0
loop4             0.00         0.00         0.00         0.00          0          0          0
loop5             0.00         0.00         0.00         0.00          0          0          0
loop6             0.00         0.00         0.00         0.00          0          0          0
loop7             0.00         0.00         0.00         0.00          0          0          0
loop8             0.00         0.00         0.00         0.00          0          0          0
loop9             0.00         0.00         0.00         0.00          0          0          0
vda             180.00      3568.00         0.00         0.00       3568          0          0
vdb               0.00         0.00         0.00         0.00          0          0          0


avg-cpu:  %user   %nice %system %iowait  %steal   %idle
          40.20    0.00    7.84    6.37   45.10    0.49

Device             tps    kB_read/s    kB_wrtn/s    kB_dscd/s    kB_read    kB_wrtn    kB_dscd
loop0             0.00         0.00         0.00         0.00          0          0          0
loop1             0.00         0.00         0.00         0.00          0          0          0
loop10            0.00         0.00         0.00         0.00          0          0          0
loop11            0.00         0.00         0.00         0.00          0          0          0
loop12            0.00         0.00         0.00         0.00          0          0          0
loop13            0.00         0.00         0.00         0.00          0          0          0
loop14            0.00         0.00         0.00         0.00          0          0          0
loop15            0.00         0.00         0.00         0.00          0          0          0
loop16            0.00         0.00         0.00         0.00          0          0          0
loop2             0.00         0.00         0.00         0.00          0          0          0
loop3             0.00         0.00         0.00         0.00          0          0          0
loop4             0.00         0.00         0.00         0.00          0          0          0
loop5             0.00         0.00         0.00         0.00          0          0          0
loop6             0.00         0.00         0.00         0.00          0          0          0
loop7             0.00         0.00         0.00         0.00          0          0          0
loop8             0.00         0.00         0.00         0.00          0          0          0
loop9             0.00         0.00         0.00         0.00          0          0          0
vda             106.00      1720.00         0.00         0.00       1720          0          0
vdb               0.00         0.00         0.00         0.00          0          0          0


avg-cpu:  %user   %nice %system %iowait  %steal   %idle
          42.08    0.00    7.43    0.00   49.01    1.49

Device             tps    kB_read/s    kB_wrtn/s    kB_dscd/s    kB_read    kB_wrtn    kB_dscd
loop0             0.00         0.00         0.00         0.00          0          0          0
loop1             0.00         0.00         0.00         0.00          0          0          0
loop10            0.00         0.00         0.00         0.00          0          0          0
loop11            0.00         0.00         0.00         0.00          0          0          0
loop12            0.00         0.00         0.00         0.00          0          0          0
loop13            0.00         0.00         0.00         0.00          0          0          0
loop14            0.00         0.00         0.00         0.00          0          0          0
loop15            0.00         0.00         0.00         0.00          0          0          0
loop16            0.00         0.00         0.00         0.00          0          0          0
loop2             0.00         0.00         0.00         0.00          0          0          0
loop3             0.00         0.00         0.00         0.00          0          0          0
loop4             0.00         0.00         0.00         0.00          0          0          0
loop5             0.00         0.00         0.00         0.00          0          0          0
loop6             0.00         0.00         0.00         0.00          0          0          0
loop7             0.00         0.00         0.00         0.00          0          0          0
loop8             0.00         0.00         0.00         0.00          0          0          0
loop9             0.00         0.00         0.00         0.00          0          0          0
vda              37.00       552.00         4.00         0.00        552          4          0
vdb               0.00         0.00         0.00         0.00          0          0          0


avg-cpu:  %user   %nice %system %iowait  %steal   %idle
          42.00    0.00    8.00    0.00   48.00    2.00

Device             tps    kB_read/s    kB_wrtn/s    kB_dscd/s    kB_read    kB_wrtn    kB_dscd
loop0             0.00         0.00         0.00         0.00          0          0          0
loop1             0.00         0.00         0.00         0.00          0          0          0
loop10            0.00         0.00         0.00         0.00          0          0          0
loop11            0.00         0.00         0.00         0.00          0          0          0
loop12            0.00         0.00         0.00         0.00          0          0          0
loop13            0.00         0.00         0.00         0.00          0          0          0
loop14            0.00         0.00         0.00         0.00          0          0          0
loop15            0.00         0.00         0.00         0.00          0          0          0
loop16            0.00         0.00         0.00         0.00          0          0          0
loop2             0.00         0.00         0.00         0.00          0          0          0
loop3             0.00         0.00         0.00         0.00          0          0          0
loop4             0.00         0.00         0.00         0.00          0          0          0
loop5             0.00         0.00         0.00         0.00          0          0          0
loop6             0.00         0.00         0.00         0.00          0          0          0
loop7             0.00         0.00         0.00         0.00          0          0          0
loop8             0.00         0.00         0.00         0.00          0          0          0
loop9             0.00         0.00         0.00         0.00          0          0          0
vda              16.00       296.00         0.00         0.00        296          0          0
vdb               0.00         0.00         0.00         0.00          0          0          0


avg-cpu:  %user   %nice %system %iowait  %steal   %idle
          36.06    0.00    3.85    4.33   38.46   17.31

Device             tps    kB_read/s    kB_wrtn/s    kB_dscd/s    kB_read    kB_wrtn    kB_dscd
loop0             0.00         0.00         0.00         0.00          0          0          0
loop1             0.00         0.00         0.00         0.00          0          0          0
loop10            0.00         0.00         0.00         0.00          0          0          0
loop11            0.00         0.00         0.00         0.00          0          0          0
loop12            0.00         0.00         0.00         0.00          0          0          0
loop13            0.00         0.00         0.00         0.00          0          0          0
loop14            0.00         0.00         0.00         0.00          0          0          0
loop15            0.00         0.00         0.00         0.00          0          0          0
loop16            0.00         0.00         0.00         0.00          0          0          0
loop2             0.00         0.00         0.00         0.00          0          0          0
loop3             0.00         0.00         0.00         0.00          0          0          0
loop4             0.00         0.00         0.00         0.00          0          0          0
loop5             0.00         0.00         0.00         0.00          0          0          0
loop6             0.00         0.00         0.00         0.00          0          0          0
loop7             0.00         0.00         0.00         0.00          0          0          0
loop8             0.00         0.00         0.00         0.00          0          0          0
loop9             0.00         0.00         0.00         0.00          0          0          0
vda              62.50         0.00       334.62         0.00          0        348          0
vdb               0.00         0.00         0.00         0.00          0          0          0


avg-cpu:  %user   %nice %system %iowait  %steal   %idle
          23.98    0.00    2.04   10.71   25.00   38.27

Device             tps    kB_read/s    kB_wrtn/s    kB_dscd/s    kB_read    kB_wrtn    kB_dscd
loop0             0.00         0.00         0.00         0.00          0          0          0
loop1             0.00         0.00         0.00         0.00          0          0          0
loop10            0.00         0.00         0.00         0.00          0          0          0
loop11            0.00         0.00         0.00         0.00          0          0          0
loop12            0.00         0.00         0.00         0.00          0          0          0
loop13            0.00         0.00         0.00         0.00          0          0          0
loop14            0.00         0.00         0.00         0.00          0          0          0
loop15            0.00         0.00         0.00         0.00          0          0          0
loop16            0.00         0.00         0.00         0.00          0          0          0
loop2             0.00         0.00         0.00         0.00          0          0          0
loop3             0.00         0.00         0.00         0.00          0          0          0
loop4             0.00         0.00         0.00         0.00          0          0          0
loop5             0.00         0.00         0.00         0.00          0          0          0
loop6             0.00         0.00         0.00         0.00          0          0          0
loop7             0.00         0.00         0.00         0.00          0          0          0
loop8             0.00         0.00         0.00         0.00          0          0          0
loop9             0.00         0.00         0.00         0.00          0          0          0
vda              37.50         0.00       216.67         4.17          0        208          4
vdb               0.00         0.00         0.00         0.00          0          0          0


avg-cpu:  %user   %nice %system %iowait  %steal   %idle
          23.74    0.00    1.52    2.02   23.23   49.49

Device             tps    kB_read/s    kB_wrtn/s    kB_dscd/s    kB_read    kB_wrtn    kB_dscd
loop0             0.00         0.00         0.00         0.00          0          0          0
loop1             0.00         0.00         0.00         0.00          0          0          0
loop10            0.00         0.00         0.00         0.00          0          0          0
loop11            0.00         0.00         0.00         0.00          0          0          0
loop12            0.00         0.00         0.00         0.00          0          0          0
loop13            0.00         0.00         0.00         0.00          0          0          0
loop14            0.00         0.00         0.00         0.00          0          0          0
loop15            0.00         0.00         0.00         0.00          0          0          0
loop16            0.00         0.00         0.00         0.00          0          0          0
loop2             0.00         0.00         0.00         0.00          0          0          0
loop3             0.00         0.00         0.00         0.00          0          0          0
loop4             0.00         0.00         0.00         0.00          0          0          0
loop5             0.00         0.00         0.00         0.00          0          0          0
loop6             0.00         0.00         0.00         0.00          0          0          0
loop7             0.00         0.00         0.00         0.00          0          0          0
loop8             0.00         0.00         0.00         0.00          0          0          0
loop9             0.00         0.00         0.00         0.00          0          0          0
vda              14.00      1520.00         0.00         0.00       1520          0          0
vdb               0.00         0.00         0.00         0.00          0          0          0


avg-cpu:  %user   %nice %system %iowait  %steal   %idle
          24.14    0.00    2.46    2.46   23.15   47.78

Device             tps    kB_read/s    kB_wrtn/s    kB_dscd/s    kB_read    kB_wrtn    kB_dscd
loop0             0.00         0.00         0.00         0.00          0          0          0
loop1             0.00         0.00         0.00         0.00          0          0          0
loop10            0.00         0.00         0.00         0.00          0          0          0
loop11            0.00         0.00         0.00         0.00          0          0          0
loop12            0.00         0.00         0.00         0.00          0          0          0
loop13            0.00         0.00         0.00         0.00          0          0          0
loop14            0.00         0.00         0.00         0.00          0          0          0
loop15            0.00         0.00         0.00         0.00          0          0          0
loop16            0.00         0.00         0.00         0.00          0          0          0
loop2             0.00         0.00         0.00         0.00          0          0          0
loop3             0.00         0.00         0.00         0.00          0          0          0
loop4             0.00         0.00         0.00         0.00          0          0          0
loop5             0.00         0.00         0.00         0.00          0          0          0
loop6             0.00         0.00         0.00         0.00          0          0          0
loop7             0.00         0.00         0.00         0.00          0          0          0
loop8             0.00         0.00         0.00         0.00          0          0          0
loop9             0.00         0.00         0.00         0.00          0          0          0
vda             151.00     18740.00         4.00         0.00      18740          4          0
vdb               0.00         0.00         0.00         0.00          0          0          0


avg-cpu:  %user   %nice %system %iowait  %steal   %idle
          23.27    0.00    3.47    0.00   24.26   49.01

Device             tps    kB_read/s    kB_wrtn/s    kB_dscd/s    kB_read    kB_wrtn    kB_dscd
loop0             0.00         0.00         0.00         0.00          0          0          0
loop1             0.00         0.00         0.00         0.00          0          0          0
loop10            0.00         0.00         0.00         0.00          0          0          0
loop11            0.00         0.00         0.00         0.00          0          0          0
loop12            0.00         0.00         0.00         0.00          0          0          0
loop13            0.00         0.00         0.00         0.00          0          0          0
loop14            0.00         0.00         0.00         0.00          0          0          0
loop15            0.00         0.00         0.00         0.00          0          0          0
loop16            0.00         0.00         0.00         0.00          0          0          0
loop2             0.00         0.00         0.00         0.00          0          0          0
loop3             0.00         0.00         0.00         0.00          0          0          0
loop4             0.00         0.00         0.00         0.00          0          0          0
loop5             0.00         0.00         0.00         0.00          0          0          0
loop6             0.00         0.00         0.00         0.00          0          0          0
loop7             0.00         0.00         0.00         0.00          0          0          0
loop8             0.00         0.00         0.00         0.00          0          0          0
loop9             0.00         0.00         0.00         0.00          0          0          0
vda               7.00       592.00         8.00         0.00        592          8          0
vdb               0.00         0.00         0.00         0.00          0          0          0


avg-cpu:  %user   %nice %system %iowait  %steal   %idle
          23.00    0.00    2.50    0.50   25.00   49.00

Device             tps    kB_read/s    kB_wrtn/s    kB_dscd/s    kB_read    kB_wrtn    kB_dscd
loop0             0.00         0.00         0.00         0.00          0          0          0
loop1             0.00         0.00         0.00         0.00          0          0          0
loop10            0.00         0.00         0.00         0.00          0          0          0
loop11            0.00         0.00         0.00         0.00          0          0          0
loop12            0.00         0.00         0.00         0.00          0          0          0
loop13            0.00         0.00         0.00         0.00          0          0          0
loop14            0.00         0.00         0.00         0.00          0          0          0
loop15            0.00         0.00         0.00         0.00          0          0          0
loop16            0.00         0.00         0.00         0.00          0          0          0
loop2             0.00         0.00         0.00         0.00          0          0          0
loop3             0.00         0.00         0.00         0.00          0          0          0
loop4             0.00         0.00         0.00         0.00          0          0          0
loop5             0.00         0.00         0.00         0.00          0          0          0
loop6             0.00         0.00         0.00         0.00          0          0          0
loop7             0.00         0.00         0.00         0.00          0          0          0
loop8             0.00         0.00         0.00         0.00          0          0          0
loop9             0.00         0.00         0.00         0.00          0          0          0
vda               0.99         0.00        31.68         0.00          0         32          0
vdb               0.00         0.00         0.00         0.00          0          0          0


avg-cpu:  %user   %nice %system %iowait  %steal   %idle
          22.28    0.00    5.45   11.88   27.23   33.17

Device             tps    kB_read/s    kB_wrtn/s    kB_dscd/s    kB_read    kB_wrtn    kB_dscd
loop0             0.00         0.00         0.00         0.00          0          0          0
loop1             0.00         0.00         0.00         0.00          0          0          0
loop10            0.00         0.00         0.00         0.00          0          0          0
loop11            0.00         0.00         0.00         0.00          0          0          0
loop12            0.00         0.00         0.00         0.00          0          0          0
loop13            0.00         0.00         0.00         0.00          0          0          0
loop14            0.00         0.00         0.00         0.00          0          0          0
loop15            0.00         0.00         0.00         0.00          0          0          0
loop16            0.00         0.00         0.00         0.00          0          0          0
loop2             0.00         0.00         0.00         0.00          0          0          0
loop3             0.00         0.00         0.00         0.00          0          0          0
loop4             0.00         0.00         0.00         0.00          0          0          0
loop5             0.00         0.00         0.00         0.00          0          0          0
loop6             0.00         0.00         0.00         0.00          0          0          0
loop7             0.00         0.00         0.00         0.00          0          0          0
loop8             0.00         0.00         0.00         0.00          0          0          0
loop9             0.00         0.00         0.00         0.00          0          0          0
vda             363.64      3507.07        76.77         0.00       3472         76          0
vdb               0.00         0.00         0.00         0.00          0          0          0


avg-cpu:  %user   %nice %system %iowait  %steal   %idle
          33.99    0.00    6.90   28.57   30.54    0.00

Device             tps    kB_read/s    kB_wrtn/s    kB_dscd/s    kB_read    kB_wrtn    kB_dscd
loop0             0.00         0.00         0.00         0.00          0          0          0
loop1             0.00         0.00         0.00         0.00          0          0          0
loop10            0.00         0.00         0.00         0.00          0          0          0
loop11            0.00         0.00         0.00         0.00          0          0          0
loop12            0.00         0.00         0.00         0.00          0          0          0
loop13            0.00         0.00         0.00         0.00          0          0          0
loop14            0.00         0.00         0.00         0.00          0          0          0
loop15            0.00         0.00         0.00         0.00          0          0          0
loop16            0.00         0.00         0.00         0.00          0          0          0
loop2             0.00         0.00         0.00         0.00          0          0          0
loop3             0.00         0.00         0.00         0.00          0          0          0
loop4             0.00         0.00         0.00         0.00          0          0          0
loop5             0.00         0.00         0.00         0.00          0          0          0
loop6             0.00         0.00         0.00         0.00          0          0          0
loop7             0.00         0.00         0.00         0.00          0          0          0
loop8             0.00         0.00         0.00         0.00          0          0          0
loop9             0.00         0.00         0.00         0.00          0          0          0
vda             510.00     33292.00         0.00         0.00      33292          0          0
vdb               0.00         0.00         0.00         0.00          0          0          0


avg-cpu:  %user   %nice %system %iowait  %steal   %idle
          31.88    0.00    5.31   13.53   30.92   18.36

Device             tps    kB_read/s    kB_wrtn/s    kB_dscd/s    kB_read    kB_wrtn    kB_dscd
loop0             0.00         0.00         0.00         0.00          0          0          0
loop1             0.00         0.00         0.00         0.00          0          0          0
loop10            0.00         0.00         0.00         0.00          0          0          0
loop11            0.00         0.00         0.00         0.00          0          0          0
loop12            0.00         0.00         0.00         0.00          0          0          0
loop13            0.00         0.00         0.00         0.00          0          0          0
loop14            0.00         0.00         0.00         0.00          0          0          0
loop15            0.00         0.00         0.00         0.00          0          0          0
loop16            0.00         0.00         0.00         0.00          0          0          0
loop2             0.00         0.00         0.00         0.00          0          0          0
loop3             0.00         0.00         0.00         0.00          0          0          0
loop4             0.00         0.00         0.00         0.00          0          0          0
loop5             0.00         0.00         0.00         0.00          0          0          0
loop6             0.00         0.00         0.00         0.00          0          0          0
loop7             0.00         0.00         0.00         0.00          0          0          0
loop8             0.00         0.00         0.00         0.00          0          0          0
loop9             0.00         0.00         0.00         0.00          0          0          0
vda             410.89     19378.22       526.73         0.00      19572        532          0
vdb               0.00         0.00         0.00         0.00          0          0          0


avg-cpu:  %user   %nice %system %iowait  %steal   %idle
          23.12    0.00    2.51    0.00   25.13   49.25

Device             tps    kB_read/s    kB_wrtn/s    kB_dscd/s    kB_read    kB_wrtn    kB_dscd
loop0             0.00         0.00         0.00         0.00          0          0          0
loop1             0.00         0.00         0.00         0.00          0          0          0
loop10            0.00         0.00         0.00         0.00          0          0          0
loop11            0.00         0.00         0.00         0.00          0          0          0
loop12            0.00         0.00         0.00         0.00          0          0          0
loop13            0.00         0.00         0.00         0.00          0          0          0
loop14            0.00         0.00         0.00         0.00          0          0          0
loop15            0.00         0.00         0.00         0.00          0          0          0
loop16            0.00         0.00         0.00         0.00          0          0          0
loop2             0.00         0.00         0.00         0.00          0          0          0
loop3             0.00         0.00         0.00         0.00          0          0          0
loop4             0.00         0.00         0.00         0.00          0          0          0
loop5             0.00         0.00         0.00         0.00          0          0          0
loop6             0.00         0.00         0.00         0.00          0          0          0
loop7             0.00         0.00         0.00         0.00          0          0          0
loop8             0.00         0.00         0.00         0.00          0          0          0
loop9             0.00         0.00         0.00         0.00          0          0          0
vda               0.00         0.00         0.00         0.00          0          0          0
vdb               0.00         0.00         0.00         0.00          0          0          0


avg-cpu:  %user   %nice %system %iowait  %steal   %idle
          24.76    0.00    2.43    1.94   24.76   46.12

Device             tps    kB_read/s    kB_wrtn/s    kB_dscd/s    kB_read    kB_wrtn    kB_dscd
loop0             0.00         0.00         0.00         0.00          0          0          0
loop1             0.00         0.00         0.00         0.00          0          0          0
loop10            0.00         0.00         0.00         0.00          0          0          0
loop11            0.00         0.00         0.00         0.00          0          0          0
loop12            0.00         0.00         0.00         0.00          0          0          0
loop13            0.00         0.00         0.00         0.00          0          0          0
loop14            0.00         0.00         0.00         0.00          0          0          0
loop15            0.00         0.00         0.00         0.00          0          0          0
loop16            0.00         0.00         0.00         0.00          0          0          0
loop2             0.00         0.00         0.00         0.00          0          0          0
loop3             0.00         0.00         0.00         0.00          0          0          0
loop4             0.00         0.00         0.00         0.00          0          0          0
loop5             0.00         0.00         0.00         0.00          0          0          0
loop6             0.00         0.00         0.00         0.00          0          0          0
loop7             0.00         0.00         0.00         0.00          0          0          0
loop8             0.00         0.00         0.00         0.00          0          0          0
loop9             0.00         0.00         0.00         0.00          0          0          0
vda               0.97         0.00       415.53         0.00          0        428          0
vdb               0.00         0.00         0.00         0.00          0          0          0


avg-cpu:  %user   %nice %system %iowait  %steal   %idle
          23.08    0.00    3.08    0.51   25.13   48.21

Device             tps    kB_read/s    kB_wrtn/s    kB_dscd/s    kB_read    kB_wrtn    kB_dscd
loop0             0.00         0.00         0.00         0.00          0          0          0
loop1             0.00         0.00         0.00         0.00          0          0          0
loop10            0.00         0.00         0.00         0.00          0          0          0
loop11            0.00         0.00         0.00         0.00          0          0          0
loop12            0.00         0.00         0.00         0.00          0          0          0
loop13            0.00         0.00         0.00         0.00          0          0          0
loop14            0.00         0.00         0.00         0.00          0          0          0
loop15            0.00         0.00         0.00         0.00          0          0          0
loop16            0.00         0.00         0.00         0.00          0          0          0
loop2             0.00         0.00         0.00         0.00          0          0          0
loop3             0.00         0.00         0.00         0.00          0          0          0
loop4             0.00         0.00         0.00         0.00          0          0          0
loop5             0.00         0.00         0.00         0.00          0          0          0
loop6             0.00         0.00         0.00         0.00          0          0          0
loop7             0.00         0.00         0.00         0.00          0          0          0
loop8             0.00         0.00         0.00         0.00          0          0          0
loop9             0.00         0.00         0.00         0.00          0          0          0
vda               2.06         0.00         4.12       358.76          0          4        348
vdb               0.00         0.00         0.00         0.00          0          0          0


avg-cpu:  %user   %nice %system %iowait  %steal   %idle
          22.61    0.00    2.51    0.00   25.13   49.75

Device             tps    kB_read/s    kB_wrtn/s    kB_dscd/s    kB_read    kB_wrtn    kB_dscd
loop0             0.00         0.00         0.00         0.00          0          0          0
loop1             0.00         0.00         0.00         0.00          0          0          0
loop10            0.00         0.00         0.00         0.00          0          0          0
loop11            0.00         0.00         0.00         0.00          0          0          0
loop12            0.00         0.00         0.00         0.00          0          0          0
loop13            0.00         0.00         0.00         0.00          0          0          0
loop14            0.00         0.00         0.00         0.00          0          0          0
loop15            0.00         0.00         0.00         0.00          0          0          0
loop16            0.00         0.00         0.00         0.00          0          0          0
loop2             0.00         0.00         0.00         0.00          0          0          0
loop3             0.00         0.00         0.00         0.00          0          0          0
loop4             0.00         0.00         0.00         0.00          0          0          0
loop5             0.00         0.00         0.00         0.00          0          0          0
loop6             0.00         0.00         0.00         0.00          0          0          0
loop7             0.00         0.00         0.00         0.00          0          0          0
loop8             0.00         0.00         0.00         0.00          0          0          0
loop9             0.00         0.00         0.00         0.00          0          0          0
vda               0.00         0.00         0.00         0.00          0          0          0
vdb               0.00         0.00         0.00         0.00          0          0          0


avg-cpu:  %user   %nice %system %iowait  %steal   %idle
          24.12    0.00    1.51    0.00   25.13   49.25

Device             tps    kB_read/s    kB_wrtn/s    kB_dscd/s    kB_read    kB_wrtn    kB_dscd
loop0             0.00         0.00         0.00         0.00          0          0          0
loop1             0.00         0.00         0.00         0.00          0          0          0
loop10            0.00         0.00         0.00         0.00          0          0          0
loop11            0.00         0.00         0.00         0.00          0          0          0
loop12            0.00         0.00         0.00         0.00          0          0          0
loop13            0.00         0.00         0.00         0.00          0          0          0
loop14            0.00         0.00         0.00         0.00          0          0          0
loop15            0.00         0.00         0.00         0.00          0          0          0
loop16            0.00         0.00         0.00         0.00          0          0          0
loop2             0.00         0.00         0.00         0.00          0          0          0
loop3             0.00         0.00         0.00         0.00          0          0          0
loop4             0.00         0.00         0.00         0.00          0          0          0
loop5             0.00         0.00         0.00         0.00          0          0          0
loop6             0.00         0.00         0.00         0.00          0          0          0
loop7             0.00         0.00         0.00         0.00          0          0          0
loop8             0.00         0.00         0.00         0.00          0          0          0
loop9             0.00         0.00         0.00         0.00          0          0          0
vda               0.00         0.00         0.00         0.00          0          0          0
vdb               0.00         0.00         0.00         0.00          0          0          0


avg-cpu:  %user   %nice %system %iowait  %steal   %idle
          22.73    0.00    2.53    0.00   25.25   49.49

Device             tps    kB_read/s    kB_wrtn/s    kB_dscd/s    kB_read    kB_wrtn    kB_dscd
loop0             0.00         0.00         0.00         0.00          0          0          0
loop1             0.00         0.00         0.00         0.00          0          0          0
loop10            0.00         0.00         0.00         0.00          0          0          0
loop11            0.00         0.00         0.00         0.00          0          0          0
loop12            0.00         0.00         0.00         0.00          0          0          0
loop13            0.00         0.00         0.00         0.00          0          0          0
loop14            0.00         0.00         0.00         0.00          0          0          0
loop15            0.00         0.00         0.00         0.00          0          0          0
loop16            0.00         0.00         0.00         0.00          0          0          0
loop2             0.00         0.00         0.00         0.00          0          0          0
loop3             0.00         0.00         0.00         0.00          0          0          0
loop4             0.00         0.00         0.00         0.00          0          0          0
loop5             0.00         0.00         0.00         0.00          0          0          0
loop6             0.00         0.00         0.00         0.00          0          0          0
loop7             0.00         0.00         0.00         0.00          0          0          0
loop8             0.00         0.00         0.00         0.00          0          0          0
loop9             0.00         0.00         0.00         0.00          0          0          0
vda               0.00         0.00         0.00         0.00          0          0          0
vdb               0.00         0.00         0.00         0.00          0          0          0


avg-cpu:  %user   %nice %system %iowait  %steal   %idle
          23.56    0.00    2.40    1.92   25.00   47.12

Device             tps    kB_read/s    kB_wrtn/s    kB_dscd/s    kB_read    kB_wrtn    kB_dscd
loop0             0.00         0.00         0.00         0.00          0          0          0
loop1             0.00         0.00         0.00         0.00          0          0          0
loop10            0.00         0.00         0.00         0.00          0          0          0
loop11            0.00         0.00         0.00         0.00          0          0          0
loop12            0.00         0.00         0.00         0.00          0          0          0
loop13            0.00         0.00         0.00         0.00          0          0          0
loop14            0.00         0.00         0.00         0.00          0          0          0
loop15            0.00         0.00         0.00         0.00          0          0          0
loop16            0.00         0.00         0.00         0.00          0          0          0
loop2             0.00         0.00         0.00         0.00          0          0          0
loop3             0.00         0.00         0.00         0.00          0          0          0
loop4             0.00         0.00         0.00         0.00          0          0          0
loop5             0.00         0.00         0.00         0.00          0          0          0
loop6             0.00         0.00         0.00         0.00          0          0          0
loop7             0.00         0.00         0.00         0.00          0          0          0
loop8             0.00         0.00         0.00         0.00          0          0          0
loop9             0.00         0.00         0.00         0.00          0          0          0
vda               0.96         0.00         7.69         0.00          0          8          0
vdb               0.00         0.00         0.00         0.00          0          0          0

